27 120 139 403 465 712 
0 11 47 142 161 170 373 673 674 849 867 889 1114 1118 1381 1420 1511 1777 2225 2314 2317 2372 
173 237 
15 112 113 171 206 451 606 868 1353 1406 1482 1523 1758 1761 1939 2226 2246 2371 
167 
2388 
1498 
2369 2370 
1476 
2384 2385 
1475 
2383 
2306 
2297 
2305 2347 
2386 
2325 
2308 
2348 
1582 1600 2332 
2282 
2340 
2356 
2319 2342 
2377 
1171 1582 2286 
2290 2303 2307 2313 2341 2346 2366 
198 672 
2305 
2334 
2298 2310 2322 
2284 2287 2311 2315 
2353 
2285 2364 
2336 
2293 2345 
2296 2352 
2351 
2374 
2316 2330 2344 2349 2357 
2367 
2374 
2327 2381 
2323 2343 
2380 
160 
2320 
2318 
2354 2358 2360 
1408 2283 
2368 
1721 2338 
2309 
2359 
66 2291 
2331 2355 
1539 1573 
2324 
2375 2378 
1591 1803 2281 
2379 
2286 2289 2301 
1527 2280 2300 
2361 2376 
2350 
2329 2335 2363 
2321 
2329 
2288 
2342 
2337 
1656 
1454 1545 2294 2299 2304 2373 2382 
1647 
2302 
2300 2362 
823 1642 
2295 
135 2292 2326 
2339 
2300 2312 
1472 1547 1705 1712 1759 2041 2070 2078 2107 2122 2192 2235 2236 2260 
1798 1855 1984 
1625 
1532 1578 1604 1995 2186 
152 1413 1672 1743 2096 
1650 1856 1879 2214 
75 1439 1487 2167 
995 
1622 1868 
1566 1629 
2257 
1371 1488 1549 1571 1592 1596 1616 1697 1783 1803 
1336 1418 1424 1444 1632 1871 1908 1990 2011 
715 1274 1526 1543 
928 1274 1491 
1739 1744 2023 2037 2047 2110 
1635 
1467 1784 
696 
1659 
101 626 1427 1433 1434 2111 2127 2210 
373 1448 1449 1450 1451 1457 1646 1900 
640 1555 1607 1644 1693 1734 1842 1854 2020 2021 2087 2178 2180 2218 2233 2237 2242 2261 
75 606 1017 1408 1412 1659 1684 
930 1442 1453 1459 1520 1700 1731 
704 1873 1927 1940 2257 2278 
1414 1546 1580 2093 
573 715 1274 1522 1543 1676 1691 1892 2187 2207 2230 
1397 1618 1707 2118 2135 2161 
407 1414 1770 1907 1938 2137 2143 2144 2197 2198 2201 
1478 1782 1851 2193 2250 
715 1599 1699 
1602 1635 1724 1788 1983 
1561 1721 
945 1653 
1785 1992 2124 2209 2272 
1514 
1017 1432 1454 1512 1527 1930 1965 2015 2069 
700 798 1484 
1473 1713 2245 
1316 1558 1837 1896 2044 2046 2056 2100 2191 2203 2274 
1776 1820 1960 2101 2104 2109 
1627 1664 1682 1918 1924 1928 1942 1950 1952 1958 2027 2184 2244 2269 
373 566 1454 1478 1564 1577 1671 1808 1818 1829 1908 1921 1993 
339 1395 1408 1831 2028 
1569 1617 1830 2202 
1551 1572 1605 
1895 1912 
1359 1582 1600 1763 1796 2005 
1274 1463 1742 1987 2065 2092 2266 
1237 1765 
606 1779 2035 
843 1794 2183 2211 
373 1194 1732 
1536 1612 
27 75 1425 1506 1531 2162 
75 1336 1529 1556 1570 1656 1687 1930 2120 
1541 1558 1723 1837 1947 2055 2216 2228 2249 2262 
204 245 295 309 329 1017 1627 1689 1738 1902 1932 1935 
1480 1661 
1367 1630 
1274 2190 
1274 1608 1957 2117 
1491 1917 1933 
760 
1740 
1628 1716 
1017 1421 1747 
463 1274 1739 
1274 1413 1582 1600 1638 1796 1846 1887 1901 1929 2016 
1643 
1559 1640 1670 
27 75 1307 1493 1508 1680 1690 1706 1718 1919 1955 1967 
1898 
27 75 626 1359 1556 1808 1826 1829 2053 2075 2084 2238 
27 1173 1493 1766 1964 
238 551 1530 1714 1962 2057 2145 2150 2154 2158 2163 
989 1237 1327 1803 1866 1904 1906 2044 2265 
1662 1956 1970 2006 2017 
1742 
1463 
1727 1881 1979 2239 
1548 1560 1674 1931 2061 2063 2066 2073 2082 2123 2132 2160 2199 
989 1483 1582 1835 1847 2028 
1489 1923 1949 
1719 1976 
1226 1773 1817 1822 2134 
1562 
135 1794 1888 
1444 1621 1660 1665 1678 1685 1920 2067 2114 2119 
1648 2173 
1537 
886 945 1445 1499 1886 
1639 1669 
27 189 253 258 1017 1458 1637 
27 97 1791 1801 1971 2036 
152 299 1501 1667 1715 1733 1737 2252 
27 680 
27 704 1623 1929 1937 2089 2177 
1528 2060 2279 
1602 1654 1771 1810 2161 2171 
1631 2038 
1645 1647 1683 1688 
715 1695 2182 
1274 1494 1618 1686 
800 830 
237 317 1189 1274 1508 1509 1515 1582 1600 1717 1775 1796 1871 1903 1930 2079 
1486 1499 1847 
1408 1619 1864 2059 2255 
1274 1480 1708 1789 1833 1861 1926 1973 1985 1989 2025 2031 2033 2072 2086 2099 2126 2130 2133 2139 2147 2149 2152 2159 2168 
455 1274 1444 1792 
1336 1603 1611 2195 
1098 1441 1681 
1535 1582 1589 1593 1600 2064 
19 1274 1519 1524 1943 2022 2048 
231 455 1274 1849 2102 
66 1753 1790 
27 606 1464 
1437 1455 1634 1645 1899 1948 
945 1274 1499 1757 2277 
1620 1905 
1483 1659 1817 
551 1649 
1017 1525 1793 1814 1827 1894 2029 
620 1274 1285 1486 1583 1597 1754 2019 
1416 1876 1938 2188 2232 
1652 1865 1997 2113 
704 1274 1429 1634 
1537 1681 1755 
626 1274 1405 1576 1692 1750 1903 1934 2058 2081 2138 2270 
317 606 1369 1702 1813 1824 1981 1996 2131 2141 
1462 1465 1554 1568 1574 1581 1583 1588 1590 1594 1601 1769 1787 1893 2042 2105 2112 2142 2153 2165 2222 2240 2253 2268 2271 
1273 1711 2007 
1474 1764 1800 1836 1951 1953 1959 1972 1978 1994 2054 2094 2194 2220 
1651 1735 2040 
27 1495 1541 1631 1799 2014 2026 2027 2061 2217 
27 97 1496 1857 2068 
75 1436 1470 1534 2018 2174 
760 1402 1411 1413 1578 1844 
626 1017 1441 1460 1468 1469 1477 1478 1521 1613 1929 1963 2234 2254 
1454 1630 
1858 
1512 1784 
1274 1795 
372 440 1860 
75 1369 1403 1439 1722 1899 2001 2009 2013 2213 2217 
945 1486 1499 1847 2091 2148 
1440 
1527 1636 1784 
1391 1441 1914 1916 2045 2116 
857 1486 1741 1746 1913 2248 
1274 1543 1699 1802 1977 
1237 1658 2003 
1017 1274 1518 1525 1891 2071 
1786 
1421 
1642 1795 
1439 1452 
1655 1760 1859 1901 2074 2083 2088 
372 1848 2243 
1633 2002 
27 1553 1557 
1882 2032 2049 
1910 
1862 1870 1878 
733 1274 
1417 1751 1980 
407 1597 1835 
1017 1336 1542 1575 1577 1579 1584 1591 1595 1603 1675 1828 1843 2164 2172 
1490 1756 1767 1812 1954 2052 2076 
1308 1616 1745 1808 1830 1904 2079 2085 2231 
27 606 1017 1657 1725 1969 
1493 1850 2103 
1380 1501 1877 1901 1922 2184 
1730 1752 1809 1988 2097 2146 
694 1404 1414 1430 2044 2258 
923 
715 1835 
1369 1883 2034 2215 2275 2276 
200 1704 1778 1897 1941 2039 2267 
1441 1681 1805 1834 1841 1852 1863 1880 1884 1982 1998 2024 2115 
247 1535 1975 2170 
1471 1934 
1400 1407 1410 1419 
1454 1463 1563 1603 2079 2080 2169 2208 
1367 1550 1901 1929 2129 
1650 1945 
1479 1533 1578 1592 1602 1614 1961 2008 2026 2155 2166 2247 2251 
1545 1563 1567 1569 1585 1596 1872 1904 1908 2256 
1661 
626 899 1438 1728 2030 
1507 
1874 
1869 
1308 1327 1538 1563 1587 1621 1891 2125 2206 2264 
1530 
1509 1677 1775 1781 1845 1909 
704 1287 1502 1515 1582 1600 1609 1717 1720 2043 
1423 2259 
1749 
945 1274 1499 1811 1838 1890 
1668 1807 1816 1819 1821 1823 1825 1839 1840 1853 
1477 
19 606 1120 1435 1641 1925 2117 2205 
1414 1602 1701 1772 1915 
1371 1609 1673 
85 1017 1696 2062 2098 
1407 1762 1968 2217 2241 
66 353 518 695 1274 1454 1563 1577 1603 1606 1681 1930 1966 2128 2200 2212 2219 2229 
1889 
1548 1674 1736 1875 1991 2004 2090 2111 2136 2140 2176 
1489 
705 1272 1552 1564 1666 1698 1921 2189 
27 1336 1428 1729 1797 1864 2000 2157 
465 1274 1308 1478 1510 1517 1538 1544 1570 1598 1652 1663 1726 1818 1830 1864 1867 2077 2121 2156 2204 2221 2263 
1481 
1422 
920 1497 1503 1504 1505 1516 1803 2151 2206 2227 2273 2328 2333 
1510 1513 1870 
2071 
97 606 894 1011 1180 1204 1395 
51 373 701 704 1158 1199 1298 
732 1010 1370 
791 840 1037 1101 1178 1264 1355 1398 
606 943 1089 1276 1341 
689 1088 1342 
606 689 731 737 1053 1102 1198 1201 1205 1206 1207 1211 1216 1221 1239 1241 1242 1245 1248 1249 1250 1251 1252 1254 1255 1256 1258 1270 1279 1318 1335 1356 1366 1399 
764 
697 771 861 
523 813 993 1041 1247 
282 686 
187 
606 1113 1202 1362 1382 
684 1179 
606 689 956 1103 
1108 1329 
191 606 771 786 1057 1086 1195 1224 1391 
715 762 865 866 906 916 927 942 1049 
606 681 682 683 752 1061 
606 689 715 
823 903 934 963 1301 1331 
738 748 1028 1274 
147 153 165 285 566 845 1111 1333 
921 1012 1181 1265 1274 1309 
989 
317 711 727 939 1077 1189 1246 1336 
715 816 1274 
606 678 797 826 1033 1075 1078 1080 1209 
1274 
713 715 1082 1176 
543 
822 858 871 
738 1274 
622 796 1038 1060 1233 1267 
606 691 809 846 930 
606 809 
848 1060 
606 913 
503 857 940 
853 
187 606 765 
591 606 777 940 1285 1295 
1315 
750 
758 875 1294 1326 1334 
606 754 1325 
700 783 798 
1006 1344 
348 606 716 725 838 1320 1321 1392 
897 1017 
881 893 964 1015 1021 1070 1191 1228 1272 1304 1373 
606 702 787 913 929 955 967 977 1002 1035 1046 1060 1187 1307 1316 1352 
913 995 1006 1036 
759 
779 904 987 1005 1045 1185 
606 814 
711 984 1305 
886 901 919 926 1093 1147 
728 773 794 
742 988 990 
994 1052 
606 980 1074 1350 1376 
931 1048 
231 317 711 923 936 1003 1039 1044 1171 1287 1327 
759 784 828 1032 1114 1340 1394 
768 
759 817 1055 1237 
704 749 
769 799 
752 874 1017 1226 1281 1339 
708 718 757 760 800 830 834 856 876 891 1054 1150 1163 1177 1322 
722 726 730 1119 
355 784 900 1116 1134 1142 1155 
1275 1299 
763 806 
714 741 745 761 855 859 864 979 981 986 1218 1260 1383 
187 751 1087 1091 
771 1110 1361 
843 896 947 1084 1138 1146 1277 1367 
1099 
338 549 557 717 908 937 982 1064 1143 1148 1156 1158 1274 
1004 1106 1152 1293 
66 453 603 660 850 870 992 1007 1017 1098 1161 
1122 1310 1314 
750 823 1105 
944 1051 1067 1083 
820 1071 1197 1308 1388 
66 557 664 688 690 692 693 717 1017 1030 1062 1131 1135 1151 1159 1175 1182 1190 1196 1214 1234 1238 1243 1343 1349 1351 
746 823 
775 1107 1274 1323 
895 1296 
755 812 882 1069 1208 
749 888 1127 1173 
66 649 985 1126 1247 
719 805 1017 1096 1157 1268 
735 744 792 819 837 1097 1232 1291 
668 711 825 896 1073 
756 1090 1154 1292 
769 1357 1389 
756 
793 1095 1124 1247 
269 911 935 1014 1094 1164 1289 1367 
574 1072 
35 82 381 405 780 910 917 1014 1085 1100 1169 1170 1210 1290 
676 706 730 734 774 811 824 829 835 842 857 862 869 872 873 878 892 912 922 946 959 960 961 970 978 996 1000 1109 1130 1141 1184 1188 1203 1259 1266 1274 1380 1393 1397 
898 913 953 958 971 1006 1050 1068 1121 1135 1168 1274 
82 447 766 968 1031 1063 1139 1222 
554 559 719 810 
863 890 975 1140 1223 
685 698 815 1128 
685 
1374 
696 723 772 785 802 827 836 841 844 851 902 933 951 962 1076 1132 1149 1153 1162 1167 1174 1231 1236 1240 1328 1347 
808 1016 1023 
738 740 1042 1183 
685 694 710 729 885 912 965 973 1043 1092 1194 1217 1220 1313 1317 1386 
1306 
998 
145 
145 606 664 709 739 1271 1319 
606 781 1219 1271 1282 
675 905 989 
1384 
145 711 941 950 997 
1001 1278 
606 727 767 916 936 1246 
885 928 1046 1247 1345 
606 1017 
455 619 806 870 945 
455 606 675 925 1271 
514 606 1271 1303 1387 
606 1288 
230 606 776 795 
606 712 753 789 819 831 852 887 909 965 969 974 976 991 1008 1024 1066 1120 1125 1133 1144 1160 1165 1172 1193 1200 1213 1229 1257 1261 1262 1269 1280 1300 1379 1396 
870 941 1059 
606 
34 486 687 889 1302 
713 1129 1145 1166 1173 1235 1253 
145 
336 414 606 721 736 1019 1302 
237 677 680 703 743 1065 
606 938 1311 1337 1338 1346 
75 145 606 679 707 724 1360 
801 832 847 860 907 915 948 1025 1212 1377 
1284 
883 1017 1018 1363 1365 
126 145 606 781 1026 1029 1327 1371 
1137 1192 
145 
145 790 875 1123 1244 1372 
770 788 
779 972 1354 
1359 
831 1263 
606 781 
145 
97 782 831 957 
174 606 804 1136 1230 
702 854 877 1378 1443 1500 2387 
1431 1466 1492 1540 
839 1415 1703 
1494 1626 1694 1738 1748 1936 2196 2217 
1566 1624 1738 2050 
407 1643 2095 2185 
1537 1999 
1409 1446 1530 1558 1565 1586 1610 1615 1679 1815 1974 1986 2010 2108 2175 
1274 1447 1456 1461 1538 1768 1774 1780 1806 2051 2106 
2223 2224 
1274 1367 1423 1426 1432 2181 
733 1804 2012 
1832 
143 166 608 
307 317 454 457 606 
270 614 654 
142 184 471 530 545 606 607 660 
82 373 376 424 
187 195 233 
148 150 
75 100 477 
177 400 
116 141 427 528 560 
118 125 185 292 383 606 
330 337 568 609 616 
210 
256 281 290 494 546 561 590 606 665 
226 450 490 524 
282 288 
328 338 
253 404 
219 
144 230 
260 
133 
225 261 280 670 
97 140 196 668 
164 168 300 
283 
194 220 
202 232 234 
296 393 
317 323 470 606 
172 287 377 391 
396 
185 336 414 
199 235 252 255 351 354 409 
1401 1570 1871 1911 1946 2179 
1885 1944 
218 265 535 576 591 
1709 1710 
567 656 
681 1485 
177 343 375 581 645 
1324 
884 1013 1022 1034 1058 1081 1186 1297 1312 1330 1358 
754 
695 697 699 720 771 807 821 861 880 918 1020 1227 1332 1348 1364 1368 1375 
750 778 823 934 952 1225 
899 938 954 1009 1112 1390 
606 733 778 
27 
901 949 999 1047 
932 1079 1283 
1369 
212 
606 914 1117 1380 
1115 1385 
97 879 966 
747 818 1040 
823 833 
75 874 924 983 1056 1215 1365 
705 823 1104 
237 345 750 803 
606 
839 
606 
142 203 241 244 246 248 254 
209 238 240 635 
372 
142 200 297 356 401 459 588 595 606 612 
266 394 583 
4 46 247 434 468 479 505 
142 221 592 658 
19 191 223 243 247 251 331 433 461 463 499 508 515 540 571 573 
114 
334 363 
108 147 231 
268 
75 142 188 327 397 436 636 
130 606 669 
127 249 275 441 474 564 577 594 606 610 
219 611 
179 182 438 513 600 603 606 671 
237 335 365 421 456 504 543 572 580 602 605 623 666 
222 423 437 606 
187 606 
149 
348 374 
132 190 216 267 656 
386 406 522 606 620 622 642 
66 75 87 361 405 449 466 485 520 
142 146 188 467 606 
174 175 606 
352 442 548 580 586 
142 183 378 585 606 631 637 655 
584 589 
137 
596 599 606 
158 410 
178 
327 342 359 521 647 
379 402 621 
315 464 472 478 487 491 502 506 509 526 534 541 606 626 
142 
306 606 
431 
421 428 444 597 649 664 667 
135 
279 291 301 303 308 311 313 349 362 367 398 439 476 544 551 565 569 601 604 613 628 630 638 646 648 650 663 
411 606 
166 263 
169 
192 201 208 
181 310 332 339 353 364 382 456 458 462 469 480 482 483 489 501 503 512 516 518 523 527 532 537 542 552 553 554 556 566 598 615 
417 
66 197 286 
242 
322 500 662 
270 370 
143 
393 
321 372 382 455 538 
177 273 278 343 481 
136 385 652 
154 272 440 
259 
269 
360 371 
193 420 432 
205 
302 
644 
126 460 
299 429 492 
156 157 162 163 
117 119 
122 
184 227 606 
138 224 242 453 547 550 563 606 
97 123 140 151 186 188 413 447 484 488 510 529 555 559 619 
214 319 395 425 486 498 507 535 558 629 657 
242 257 372 
298 448 
97 211 236 250 289 388 495 514 531 
215 304 312 442 475 
51 97 293 324 346 373 413 452 557 632 
320 435 578 606 
134 651 
389 392 396 419 606 617 618 
97 111 143 574 575 587 
264 274 422 627 634 651 
606 
279 313 350 384 606 
166 
72 78 97 180 262 318 333 340 341 344 345 347 355 357 426 449 493 497 511 517 525 539 548 582 606 
124 152 606 
643 
606 
122 219 316 536 578 625 
606 
277 325 407 415 445 496 
314 366 373 390 413 446 570 606 640 660 
633 639 
51 387 416 
176 606 624 659 
305 533 
380 443 562 606 661 
128 129 579 593 606 
774 1027 1273 1286 
302 412 473 519 
276 294 
131 205 213 239 
271 
4 
336 399 408 414 
166 
229 368 606 
122 126 369 606 
228 290 549 
166 217 284 641 653 
283 326 358 418 
13 
66 
76 105 
75 
33 40 
37 42 
15 53 
15 
35 71 84 94 96 109 110 111 115 
28 36 
73 101 
15 
15 83 
15 
15 
41 57 99 
15 
24 48 
15 
93 
80 
45 
10 
69 
7 
6 
58 95 
15 
32 62 
100 
15 56 
98 
65 
102 
12 
15 77 
49 59 64 
51 
87 97 
22 35 52 55 72 78 
50 70 
64 
3 
46 
106 
91 
74 85 
92 
46 
17 18 
25 
2 8 54 
60 104 
61 
1 
19 
90 
15 81 
38 
63 
88 
29 39 
67 
103 
44 89 
107 
79 
34 
5 
16 
15 26 
75 
9 86 
15 30 
15 
15 21 43 68 
31 
23 
15 
15 
15 
23 
15 
20 82 
14 
121 
430 
121 207 381 
145 
155 159 
2365 
